27
30
32
39
90
72
65
77
44
39
22
60
60
46
98
68
57
59
56
66
97
17
44
62
36
55
39
65
42
11
11
86
95
28
47
76
38
44
84
34
92
87
40
9
7
76
54
66
24
73
64
54
48
15
15
19
50
39
78
16
33
70
49
15
47
41
62
24
88
45
58
88
20
35
12
90
97
82
32
88
96
35
74
4
73
63
88
98
42
75
26
41
53
8
40
90
90
17
15
17
55
2
7
89
16
60
23
68
59
34
32
77
8
23
96
0
78
24
91
64
25
1
55
17
38
2
96
82
72
2
40
61
62
77
76
90
88
89
36
13
38
65
99
18
82
42
11
87
14
39
87
62
39
26
60
46
39
45
20
54
79
48
13
34
40
100
98
13
25
33
7
91
30
75
99
78
43
5
25
24
58
60
15
33
77
42
71
64
44
14
36
71
27
35
35
22
13
77
50
88
98
62
8
8
45
38
75
65
97
58
47
13
25
44
57
75
80
66
45
30
61
10
18
18
59
74
68
67
77
23
36
40
18
0
97
11
44
51
33
66
15
20
95
19
56
14
44
49
27
81
64
75
84
11
10
11
31
4
58
11
95
3
6
93
31
64
43
35
29
90
24
6
66
83
0
92
89
64
54
38
17
1
90
5
6
99
5
64
29
87
55
52
16
7
36
40
92
95
33
42
68
49
72
14
75
90
41
13
82
15
78
18
9
11
63
98
12
78
54
81
84
6
26
96
54
21
45
76
59
9
53
68
88
39
38
67
13
96
90
23
7
67
90
76
15
41
70
96
46
81
23
98
89
76
22
3
79
8
58
0
2
69
51
27
54
91
58
80
84
53
5
11
32
33
71
35
37
45
47
43
12
45
19
1
92
83
72
54
47
83
71
56
16
21
0
90
93
0
82
12
40
8
72
9
16
37
100
70
14
10
21
45
36
76
67
33
24
78
53
82
17
79
59
71
71
84
6
96
21
29
33
38
48
99
78
87
0
38
54
31
44
17
100
63
11
69
44
44
61
94
37
0
30
75
17
94
9
25
66
9
89
2
74
37
37
93
10
94
38
85
81
0
32
78
41
47
97
31
70
51
82
96
23
32
76
56
9
80
85
3
62
18
85
35
83
1
91
98
87
37
57
49
16
60
54
9
73
12
49
25
51
89
90
86
50
27
89
14
27
36
83
9
42
67
29
76
44
93
78
82
36
86
55
28
58
55
21
2
68
4
30
13
8
9
42
41
62
22
77
70
80
61
84
96
71
15
74
40
25
35
24
23
95
26
41
12
59
50
63
91
98
7
76
52
76
42
42
76
49
32
95
42
56
86
61
24
77
30
90
59
62
59
6
43
68
97
90
43
55
1
85
4
14
13
36
76
12
66
15
51
32
79
88
84
97
41
44
47
22
99
76
9
54
41
43
34
16
96
32
94
54
69
0
2
47
43
60
23
73
96
26
17
65
56
0
50
76
30
3
28
25
36
55
12
94
64
33
7
90
38
8
51
10
37
92
6
73
48
56
96
33
93
64
66
74
69
60
55
32
46
78
21
6
84
11
16
37
85
20
44
55
59
43
67
95
3
11
48
9
77
43
60
72
20
81
60
15
15
49
61
64
79
68
0
63
23
96
22
74
68
41
95
34
99
24
31
24
64
2
85
92
23
30
14
57
70
7
92
12
74
39
30
58
11
11
77
80
80
80
89
70
89
59
81
70
23
5
4
12
15
26
52
48
87
18
20
84
90
66
83
24
98
38
99
43
64
49
53
98
84
75
59
97
70
86
37
74
10
81
9
21
51
21
96
75
63
17
23
78
48
94
98
58
54
76
94
92
0
10
65
58
74
32
29
82
15
56
11
58
20
18
39
42
26
54
46
0
53
54
4
79
27
24
71
97
12
69
22
59
72
2
96
78
88
87
12
15
11
13
82
49
57
2
14
8
27
99
78
38
63
85
11
60
79
41
50
70
38
78
8
24
11
77
55
77
59
14
64
72
74
43
23
80
20
95
98
4
100
85
6
21
97
16
57
14
76
10
6
32
11
64
33
17
37
39
11
51
83
24
98
80
54
27
96
71
91
81
41
86
49
61
72
89
56
1
21
38
41
0
18
54
15
21
39
38
60
55
28
31
40
64
81
92
88
77
35
13
14
51
38
89
66
97
53
52
24
97
61
67
67
33
87
71
75
80
17
73
39
81
78
56
6
86
93
92
38
75
1
37
36
31
39
26
38
76
95
78
47
90
11
18
38
44
21
80
19
32
36
15
41
