784
292
400
578
891
171
269
22
449
787
116
358
813
301
839
975
307
177
656
115
609
876
1000
987
47
649
46
661
278
730
945
582
543
899
481
498
971
80
342
299
18
762
790
833
453
248
750
998
176
290
787
930
45
963
208
221
809
229
442
708
916
733
879
681
411
676
907
916
774
223
745
425
1000
869
349
22
178
530
370
747
273
96
326
146
350
540
224
953
151
928
395
134
856
451
872
966
615
185
837
126
620
141
723
574
752
215
63
502
730
40
182
653
669
533
182
353
413
938
276
69
201
520
783
912
232
717
924
299
169
614
107
649
868
442
517
602
358
662
349
604
437
248
391
18
837
10
812
806
603
217
235
770
613
529
95
576
35
650
172
763
710
72
112
483
132
740
62
583
378
8
97
560
629
841
582
545
14
387
425
757
567
279
809
191
439
524
528
433
820
998
260
925
739
627
431
960
114
715
465
740
135
520
154
751
954
224
437
626
320
624
895
177
414
209
921
104
483
303
825
200
517
328
231
301
530
372
662
336
242
833
526
987
201
445
454
338
126
517
398
5
685
623
247
891
376
55
533
100
205
621
12
737
803
757
205
801
658
520
284
410
65
962
163
437
203
744
797
471
295
11
995
548
833
408
315
939
932
309
92
289
114
467
153
321
77
611
574
966
991
424
88
907
517
664
728
38
710
747
914
523
644
392
436
390
614
306
982
38
759
927
378
694
282
885
995
422
171
381
566
642
852
202
223
197
251
95
471
729
89
201
896
250
430
435
770
0
244
740
119
381
992
740
457
283
749
637
566
235
876
32
167
358
82
786
564
517
191
335
920
495
948
439
504
661
606
397
896
499
911
511
270
792
541
576
182
853
720
944
587
185
787
717
833
495
27
555
761
893
277
855
270
481
453
337
405
258
130
670
805
35
818
616
502
269
715
754
480
350
831
670
367
169
63
859
238
431
757
144
481
754
578
427
666
572
620
350
47
897
997
836
131
837
964
755
734
118
163
336
530
91
450
430
568
50
7
333
598
775
985
729
712
174
626
552
709
492
156
648
265
79
947
959
835
499
138
473
277
859
64
856
373
573
853
989
442
108
242
482
356
715
330
303
535
17
155
427
275
719
401
312
748
652
178
291
928
512
639
449
650
181
285
711
334
139
226
188
63
104
113
497
580
500
412
607
420
992
10
677
632
855
376
552
733
912
708
815
491
877
602
696
876
383
990
314
66
57
37
141
85
482
799
356
202
892
174
569
896
731
594
995
847
908
264
268
862
788
621
701
533
744
95
873
555
116
602
323
670
536
898
752
37
437
857
938
898
378
203
450
104
420
680
672
696
382
56
363
907
785
227
42
0
161
299
347
949
1
456
452
360
462
537
238
89
102
622
665
832
60
39
428
375
418
274
509
172
514
251
254
135
135
364
791
384
707
263
31
819
205
457
768
220
848
530
779
316
422
818
381
232
830
242
398
966
81
657
548
706
861
829
453
568
48
440
41
791
119
75
156
27
658
959
957
973
845
222
303
107
560
899
980
551
679
447
49
493
953
71
480
965
901
173
382
787
479
943
73
844
520
927
305
846
290
192
8
268
223
152
118
30
739
858
893
55
357
450
449
334
708
902
7
272
264
332
946
23
699
384
793
66
457
688
177
173
309
209
106
37
796
967
762
117
930
168
178
390
711
531
346
842
822
968
409
779
708
46
399
305
539
147
670
301
235
276
343
724
256
858
45
799
831
543
696
197
543
584
507
349
796
782
808
233
710
476
751
123
794
845
767
955
209
188
161
445
438
214
17
258
516
537
533
353
708
753
720
806
922
326
363
449
855
286
280
355
667
616
634
770
221
719
638
90
881
855
371
34
838
822
521
597
461
228
198
124
362
881
991
202
314
139
495
936
653
702
484
948
477
662
238
662
474
953
556
768
54
751
344
736
455
896
554
457
838
875
71
152
916
842
749
866
356
91
518
945
978
184
906
191
989
34
433
376
516
496
429
137
436
307
333
147
914
366
282
883
242
244
982
506
567
680
697
17
641
333
730
881
236
255
599
513
940
120
192
202
153
38
319
24
698
452
160
175
157
926
213
271
163
136
126
296
658
9
91
169
477
459
306
114
871
722
880
584
297
732
551
247
374
898
988
793
523
937
369
679
74
107
649
101
178
531
165
400
527
264
527
892
841
844
421
412
451
529
797
770
652
879
727
924
890
975
755
679
873
67
166
718
21
142
9
292
82
629
242
886
688
294
617
909
813
142
440
229
449
864
953
90
465
582
134
888
451
